# kitness                velocity_p               velocity_s               rho
1.000000000000000000e+01 7.000000000000000000e+00 3.500000000000000000e+00 2.000000000000000000e+00
1.000000000000000000e+01 6.799999999999999822e+00 3.399999999999999911e+00 2.000000000000000000e+00
1.000000000000000000e+01 7.000000000000000000e+00 3.500000000000000000e+00 2.000000000000000000e+00
1.000000000000000000e+01 7.599999999999999645e+00 3.799999999999999822e+00 2.000000000000000000e+00
1.000000000000000000e+01 8.400000000000000355e+00 4.200000000000000178e+00 2.000000000000000000e+00
1.000000000000000000e+01 9.000000000000000000e+00 4.500000000000000000e+00 2.000000000000000000e+00
1.000000000000000000e+01 9.400000000000000355e+00 4.700000000000000178e+00 2.000000000000000000e+00
1.000000000000000000e+01 9.599999999999999645e+00 4.799999999999999822e+00 2.000000000000000000e+00
1.000000000000000000e+01 9.500000000000000000e+00 4.750000000000000000e+00 2.000000000000000000e+00
